Colony	Resistance								
1	1								
2	1								
3	1								
4	1								
5	1								
6	1								
7	1								
8	1								
9	1								
10	1								
11	1								
12	1								
13	1								
14	1								
15	1								
16	3								
17	1								
17	2								
17	3								
17	4								
18	1								
18	2								
18	3								
18	4								
19	1								
19	2								
19	3								
19	4								
20	1								
20	2								
20	3								
20	4								
21	1								
21	2								
21	3								
21	4								
22	1								
22	3								
22	4								
23	1								
23	2								
23	3								
23	4								
24	1								
24	3								
24	4								
25	1								
25	2								
25	3								
26	1								
26	2								
26	3								
26	4								
27	1								
27	2								
27	3								
27	4								
28	1								
28	2								
28	3								
29	1								
29	2								
29	3								
30	1								
30	2								
30	3								
31	1								
31	2								
31	3								
31	4								
32	2								
32	3								
32	4								
33	2								
33	3								
33	4								
34	1								
35	4								
37	1								
37	2								
37	3								
37	4								
38	2								
39	1								
39	2								
39	3								
39	4								
40	1								
40	2								
40	3								
40	4								
41	1								
42	2								
42	4								
43	0								
36	0								
44	1								
44	2								
44	3								
44	4								
45	1								
45	2								
45	3								
45	4								
46	1								
46	2								
46	3								
46	4								
